0 0 00 274 0
0 0 01 1d4 0
0 0 02 2d4 0
0 0 03 31b 1
0 0 04 354 0
0 0 05 29b 1
0 0 06 19b 1
0 0 07 38b 1
0 0 08 394 0
0 0 09 25b 1
0 0 0a 15b 1
0 0 0b 34b 1
0 0 0c 0db 1
0 0 0d 2cb 1
0 0 0e 1cb 1
0 0 0f 174 0
0 0 10 1b4 0
0 0 11 23b 1
0 0 12 13b 1
0 0 13 32b 1
0 0 14 0bb 1
0 0 15 2ab 1
0 0 16 1ab 1
0 0 17 3a4 0
0 0 18 334 0
0 0 19 26b 1
0 0 1a 16b 1
0 0 1b 364 0
0 0 1c 0eb 1
0 0 1d 2e4 0
0 0 1e 1e4 0
0 0 1f 2b4 0
0 0 20 279 1
0 0 21 1d9 1
0 0 22 2d9 1
0 0 23 319 0
0 0 24 359 1
0 0 25 299 0
0 0 26 199 0
0 0 27 389 0
0 0 28 399 1
0 0 29 259 0
0 0 2a 159 0
0 0 2b 349 0
0 0 2c 0d9 0
0 0 2d 2c9 0
0 0 2e 1c9 0
0 0 2f 179 1
0 0 30 1b9 1
0 0 31 239 0
0 0 32 139 0
0 0 33 329 0
0 0 34 0b9 0
0 0 35 2a9 0
0 0 36 1a9 0
0 0 37 3a9 1
0 0 38 339 1
0 0 39 269 0
0 0 3a 169 0
0 0 3b 369 1
0 0 3c 0e9 0
0 0 3d 2e9 1
0 0 3e 1e9 1
0 0 3f 2b9 1
0 0 40 275 1
0 0 41 1d5 1
0 0 42 2d5 1
0 0 43 315 0
0 0 44 355 1
0 0 45 295 0
0 0 46 195 0
0 0 47 385 0
0 0 48 395 1
0 0 49 255 0
0 0 4a 155 0
0 0 4b 345 0
0 0 4c 0d5 0
0 0 4d 2c5 0
0 0 4e 1c5 0
0 0 4f 175 1
0 0 50 1b5 1
0 0 51 235 0
0 0 52 135 0
0 0 53 325 0
0 0 54 0b5 0
0 0 55 2a5 0
0 0 56 1a5 0
0 0 57 3a5 1
0 0 58 335 1
0 0 59 265 0
0 0 5a 165 0
0 0 5b 365 1
0 0 5c 0e5 0
0 0 5d 2e5 1
0 0 5e 1e5 1
0 0 5f 2b5 1
0 0 60 273 1
0 0 61 1d3 1
0 0 62 2d3 1
0 0 63 31c 0
0 0 64 353 1
0 0 65 29c 0
0 0 66 19c 0
0 0 67 38c 0
0 0 68 393 1
0 0 69 25c 0
0 0 6a 15c 0
0 0 6b 34c 0
0 0 6c 0dc 0
0 0 6d 2cc 0
0 0 6e 1cc 0
0 0 6f 173 1
0 0 70 1b3 1
0 0 71 23c 0
0 0 72 13c 0
0 0 73 32c 0
0 0 74 0bc 0
0 0 75 2ac 0
0 0 76 1ac 0
0 0 77 3a3 1
0 0 78 333 1
0 0 79 26c 0
0 0 7a 16c 0
0 0 7b 363 1
0 0 7c 0ec 0
0 0 7d 2e3 1
0 0 7e 1e3 1
0 0 7f 2b3 1
0 0 80 272 0
0 0 81 1d2 0
0 0 82 2d2 0
0 0 83 31d 1
0 0 84 352 0
0 0 85 29d 1
0 0 86 19d 1
0 0 87 38d 1
0 0 88 392 0
0 0 89 25d 1
0 0 8a 15d 1
0 0 8b 34d 1
0 0 8c 0dd 1
0 0 8d 2cd 1
0 0 8e 1cd 1
0 0 8f 172 0
0 0 90 1b2 0
0 0 91 23d 1
0 0 92 13d 1
0 0 93 32d 1
0 0 94 0bd 1
0 0 95 2ad 1
0 0 96 1ad 1
0 0 97 3a2 0
0 0 98 332 0
0 0 99 26d 1
0 0 9a 16d 1
0 0 9b 362 0
0 0 9c 0ed 1
0 0 9d 2e2 0
0 0 9e 1e2 0
0 0 9f 2b2 0
0 0 a0 27a 1
0 0 a1 1da 1
0 0 a2 2da 1
0 0 a3 31a 0
0 0 a4 35a 1
0 0 a5 29a 0
0 0 a6 19a 0
0 0 a7 38a 0
0 0 a8 39a 1
0 0 a9 25a 0
0 0 aa 15a 0
0 0 ab 34a 0
0 0 ac 0da 0
0 0 ad 2ca 0
0 0 ae 1ca 0
0 0 af 17a 1
0 0 b0 1ba 1
0 0 b1 23a 0
0 0 b2 13a 0
0 0 b3 32a 0
0 0 b4 0ba 0
0 0 b5 2aa 0
0 0 b6 1aa 0
0 0 b7 3aa 1
0 0 b8 33a 1
0 0 b9 26a 0
0 0 ba 16a 0
0 0 bb 36a 1
0 0 bc 0ea 0
0 0 bd 2ea 1
0 0 be 1ea 1
0 0 bf 2ba 1
0 0 c0 276 1
0 0 c1 1d6 1
0 0 c2 2d6 1
0 0 c3 316 0
0 0 c4 356 1
0 0 c5 296 0
0 0 c6 196 0
0 0 c7 386 0
0 0 c8 396 1
0 0 c9 256 0
0 0 ca 156 0
0 0 cb 346 0
0 0 cc 0d6 0
0 0 cd 2c6 0
0 0 ce 1c6 0
0 0 cf 176 1
0 0 d0 1b6 1
0 0 d1 236 0
0 0 d2 136 0
0 0 d3 326 0
0 0 d4 0b6 0
0 0 d5 2a6 0
0 0 d6 1a6 0
0 0 d7 3a6 1
0 0 d8 336 1
0 0 d9 266 0
0 0 da 166 0
0 0 db 366 1
0 0 dc 0e6 0
0 0 dd 2e6 1
0 0 de 1e6 1
0 0 df 2b6 1
0 0 e0 271 0
0 0 e1 1d1 0
0 0 e2 2d1 0
0 0 e3 31e 1
0 0 e4 351 0
0 0 e5 29e 1
0 0 e6 19e 1
0 0 e7 38e 1
0 0 e8 391 0
0 0 e9 25e 1
0 0 ea 15e 1
0 0 eb 34e 1
0 0 ec 0de 1
0 0 ed 2ce 1
0 0 ee 1ce 1
0 0 ef 171 0
0 0 f0 1b1 0
0 0 f1 237 1
0 0 f2 137 1
0 0 f3 32e 1
0 0 f4 0b7 1
0 0 f5 2ae 1
0 0 f6 1ae 1
0 0 f7 3a1 0
0 0 f8 331 0
0 0 f9 26e 1
0 0 fa 16e 1
0 0 fb 361 0
0 0 fc 0ee 1
0 0 fd 2e1 0
0 0 fe 1e1 0
0 0 ff 2b1 0
0 1 1c 0f4 0
0 1 3c 0f9 1
0 1 5c 0f5 1
0 1 7c 0f3 1
0 1 9c 0f2 0
0 1 bc 0fa 1
0 1 dc 0f6 1
0 1 f7 3a8 0
0 1 fb 368 0
0 1 fc 0f8 0
0 1 fd 2e8 0
0 1 fe 1e8 0
1 0 00 18b 1
1 0 01 22b 1
1 0 02 12b 1
1 0 03 314 0
1 0 04 0ab 1
1 0 05 294 0
1 0 06 194 0
1 0 07 074 0
1 0 08 06b 1
1 0 09 254 0
1 0 0a 154 0
1 0 0b 344 0
1 0 0c 0d4 0
1 0 0d 2c4 0
1 0 0e 1c4 0
1 0 0f 28b 1
1 0 10 24b 1
1 0 11 234 0
1 0 12 134 0
1 0 13 324 0
1 0 14 0b4 0
1 0 15 2a4 0
1 0 16 1a4 0
1 0 17 05b 1
1 0 18 0cb 1
1 0 19 264 0
1 0 1a 164 0
1 0 1b 09b 1
1 0 1c 0e4 0
1 0 1d 11b 1
1 0 1e 21b 1
1 0 1f 14b 1
1 0 20 189 0
1 0 21 229 0
1 0 22 129 0
1 0 23 319 1
1 0 24 0a9 0
1 0 25 299 1
1 0 26 199 1
1 0 27 079 1
1 0 28 069 0
1 0 29 259 1
1 0 2a 159 1
1 0 2b 349 1
1 0 2c 0d9 1
1 0 2d 2c9 1
1 0 2e 1c9 1
1 0 2f 289 0
1 0 30 249 0
1 0 31 239 1
1 0 32 139 1
1 0 33 329 1
1 0 34 0b9 1
1 0 35 2a9 1
1 0 36 1a9 1
1 0 37 059 0
1 0 38 0c9 0
1 0 39 269 1
1 0 3a 169 1
1 0 3b 099 0
1 0 3c 0e9 1
1 0 3d 119 0
1 0 3e 219 0
1 0 3f 149 0
1 0 40 185 0
1 0 41 225 0
1 0 42 125 0
1 0 43 315 1
1 0 44 0a5 0
1 0 45 295 1
1 0 46 195 1
1 0 47 075 1
1 0 48 065 0
1 0 49 255 1
1 0 4a 155 1
1 0 4b 345 1
1 0 4c 0d5 1
1 0 4d 2c5 1
1 0 4e 1c5 1
1 0 4f 285 0
1 0 50 245 0
1 0 51 235 1
1 0 52 135 1
1 0 53 325 1
1 0 54 0b5 1
1 0 55 2a5 1
1 0 56 1a5 1
1 0 57 055 0
1 0 58 0c5 0
1 0 59 265 1
1 0 5a 165 1
1 0 5b 095 0
1 0 5c 0e5 1
1 0 5d 115 0
1 0 5e 215 0
1 0 5f 145 0
1 0 60 18c 0
1 0 61 22c 0
1 0 62 12c 0
1 0 63 313 1
1 0 64 0ac 0
1 0 65 293 1
1 0 66 193 1
1 0 67 073 1
1 0 68 06c 0
1 0 69 253 1
1 0 6a 153 1
1 0 6b 343 1
1 0 6c 0d3 1
1 0 6d 2c3 1
1 0 6e 1c3 1
1 0 6f 28c 0
1 0 70 24c 0
1 0 71 233 1
1 0 72 133 1
1 0 73 323 1
1 0 74 0b3 1
1 0 75 2a3 1
1 0 76 1a3 1
1 0 77 05c 0
1 0 78 0cc 0
1 0 79 263 1
1 0 7a 163 1
1 0 7b 09c 0
1 0 7c 0e3 1
1 0 7d 11c 0
1 0 7e 21c 0
1 0 7f 14c 0
1 0 80 18d 1
1 0 81 22d 1
1 0 82 12d 1
1 0 83 312 0
1 0 84 0ad 1
1 0 85 292 0
1 0 86 192 0
1 0 87 072 0
1 0 88 06d 1
1 0 89 252 0
1 0 8a 152 0
1 0 8b 342 0
1 0 8c 0d2 0
1 0 8d 2c2 0
1 0 8e 1c2 0
1 0 8f 28d 1
1 0 90 24d 1
1 0 91 232 0
1 0 92 132 0
1 0 93 322 0
1 0 94 0b2 0
1 0 95 2a2 0
1 0 96 1a2 0
1 0 97 05d 1
1 0 98 0cd 1
1 0 99 262 0
1 0 9a 162 0
1 0 9b 09d 1
1 0 9c 0e2 0
1 0 9d 11d 1
1 0 9e 21d 1
1 0 9f 14d 1
1 0 a0 18a 0
1 0 a1 22a 0
1 0 a2 12a 0
1 0 a3 31a 1
1 0 a4 0aa 0
1 0 a5 29a 1
1 0 a6 19a 1
1 0 a7 07a 1
1 0 a8 06a 0
1 0 a9 25a 1
1 0 aa 15a 1
1 0 ab 34a 1
1 0 ac 0da 1
1 0 ad 2ca 1
1 0 ae 1ca 1
1 0 af 28a 0
1 0 b0 24a 0
1 0 b1 23a 1
1 0 b2 13a 1
1 0 b3 32a 1
1 0 b4 0ba 1
1 0 b5 2aa 1
1 0 b6 1aa 1
1 0 b7 05a 0
1 0 b8 0ca 0
1 0 b9 26a 1
1 0 ba 16a 1
1 0 bb 09a 0
1 0 bc 0ea 1
1 0 bd 11a 0
1 0 be 21a 0
1 0 bf 14a 0
1 0 c0 186 0
1 0 c1 226 0
1 0 c2 126 0
1 0 c3 316 1
1 0 c4 0a6 0
1 0 c5 296 1
1 0 c6 196 1
1 0 c7 076 1
1 0 c8 066 0
1 0 c9 256 1
1 0 ca 156 1
1 0 cb 346 1
1 0 cc 0d6 1
1 0 cd 2c6 1
1 0 ce 1c6 1
1 0 cf 286 0
1 0 d0 246 0
1 0 d1 236 1
1 0 d2 136 1
1 0 d3 326 1
1 0 d4 0b6 1
1 0 d5 2a6 1
1 0 d6 1a6 1
1 0 d7 056 0
1 0 d8 0c6 0
1 0 d9 266 1
1 0 da 166 1
1 0 db 096 0
1 0 dc 0e6 1
1 0 dd 116 0
1 0 de 216 0
1 0 df 146 0
1 0 e0 18e 1
1 0 e1 22e 1
1 0 e2 12e 1
1 0 e3 311 0
1 0 e4 0ae 1
1 0 e5 291 0
1 0 e6 191 0
1 0 e7 071 0
1 0 e8 06e 1
1 0 e9 251 0
1 0 ea 151 0
1 0 eb 348 0
1 0 ec 0d1 0
1 0 ed 2c8 0
1 0 ee 1c8 0
1 0 ef 28e 1
1 0 f0 24e 1
1 0 f1 231 0
1 0 f2 131 0
1 0 f3 321 0
1 0 f4 0b1 0
1 0 f5 2a1 0
1 0 f6 1a1 0
1 0 f7 05e 1
1 0 f8 0ce 1
1 0 f9 261 0
1 0 fa 161 0
1 0 fb 09e 1
1 0 fc 0e1 0
1 0 fd 11e 1
1 0 fe 21e 1
1 0 ff 14e 1
1 1 1c 30b 1
1 1 3c 306 0
1 1 5c 30a 0
1 1 7c 30c 0
1 1 9c 30d 1
1 1 bc 305 0
1 1 dc 309 0
1 1 f7 057 1
1 1 fb 097 1
1 1 fc 307 1
1 1 fd 117 1
1 1 fe 217 1
